     A1 =    2.93686 ± 0.06277
    mu1 =   -0.09587 ± 0.00123
 sigma1 =    0.05011 ± 0.00124
     A2 =   20.68607 ± 0.06566
    mu2 =    0.27219 ± 0.00017
 sigma2 =    0.04570 ± 0.00017
 offset =    3.19162 ± 0.00683

Chi-Quadrat: 177.02
Reduziertes Chi-Quadrat: 0.09