Fit-Parameter:
     A1 =    9.69102 ± 0.05046
    mu1 =   -0.04676 ± 0.00033
 sigma1 =    0.05233 ± 0.00035
     A2 =    0.90524 ± 0.05947
    mu2 =   -0.21421 ± 0.00295
 sigma2 =    0.03615 ± 0.00305
 offset =    2.86846 ± 0.00542

Chi-Quadrat: 114.01
Reduziertes Chi-Quadrat: 0.06