Fit-Parameter:
     A1 =    8.99623 ± 0.10860
    mu1 =   -0.04515 ± 0.00043
 sigma1 =    0.04905 ± 0.00058
     A2 =    0.88831 ± 0.09889
    mu2 =   -0.11439 ± 0.01084
 sigma2 =    0.12527 ± 0.00692
 offset =    2.86265 ± 0.00564