     A1 =   44.90494 ± 0.08095
    mu1 =   -0.10818 ± 0.00006
 sigma1 =    0.03759 ± 0.00008
     A2 =    2.05017 ± 0.06763
    mu2 =   -0.15509 ± 0.00303
 sigma2 =    0.13941 ± 0.00313
 offset =    0.66650 ± 0.00561

Chi-Quadrat: 113.19
Reduziertes Chi-Quadrat: 0.06