Fit-Parameter:
     A1 =   44.90498 ± 0.08096
    mu1 =   -0.10818 ± 0.00006
 sigma1 =    0.03759 ± 0.00008
     A2 =    2.05012 ± 0.06764
    mu2 =   -0.15509 ± 0.00303
 sigma2 =    0.13942 ± 0.00313
 offset =    0.66650 ± 0.00561