Fit-Parameter:
     A1 =    3.09921 ± 0.03506
    mu1 =   -0.07399 ± 0.00064
 sigma1 =    0.04940 ± 0.00065
     A2 =    0.99998 ± 0.10826
    mu2 =   -1.76844 ± 0.08472
 sigma2 =    3.04981 ± 0.29980
 offset =    1.99917 ± 0.11018