Fit-Parameter:
     A1 =    3.09921 ± 0.03506
    mu1 =   -0.07399 ± 0.00064
 sigma1 =    0.04940 ± 0.00065
     A2 =    1.00005 ± 0.10834
    mu2 =   -1.76846 ± 0.08474
 sigma2 =    3.04998 ± 0.29997
 offset =    1.99910 ± 0.11026

Chi-Quadrat: 53.82
Reduziertes Chi-Quadrat: 0.03